Doc Id 	 Term weights 
007 	 3.620 
018 	 3.060 
001 	 2.550 
007 	 1.980 
005 	 4.800 
003 	 3.440 
011 	 1.430 
008 	 2.250 
010 	 2.860 
019 	 2.680 
001 	 1.400 
007 	 0.850 
005 	 3.000 
006 	 3.420 
002 	 2.640 
002 	 2.640 
005 	 3.210 
007 	 2.330 
009 	 2.130 
007 	 0.850 
002 	 0.980 
003 	 7.470 
005 	 4.090 
017 	 6.360 
008 	 2.650 
019 	 1.500 
001 	 2.550 
009 	 1.590 
011 	 2.040 
009 	 1.560 
007 	 2.130 
016 	 1.610 
019 	 2.150 
010 	 1.750 
007 	 1.790 
001 	 2.000 
002 	 3.450 
011 	 2.040 
001 	 2.000 
002 	 1.190 
005 	 1.500 
011 	 6.090 
020 	 6.780 
012 	 3.030 
018 	 3.980 
004 	 2.680 
009 	 1.310 
019 	 1.500 
001 	 1.650 
019 	 2.360 
002 	 0.720 
007 	 0.620 
010 	 2.470 
019 	 1.450 
001 	 2.580 
019 	 2.360 
007 	 2.330 
019 	 1.050 
003 	 5.440 
002 	 1.670 
007 	 2.340 
019 	 0.860 
005 	 4.740 
002 	 2.900 
007 	 1.470 
018 	 3.980 
006 	 4.150 
001 	 2.000 
009 	 2.130 
002 	 0.980 
016 	 2.210 
002 	 1.190 
007 	 1.790 
019 	 3.740 
002 	 3.520 
008 	 3.210 
002 	 2.640 
011 	 3.570 
004 	 2.680 
010 	 4.860 
019 	 2.360 
019 	 2.360 
009 	 1.310 
019 	 1.500 
008 	 2.650 
009 	 1.590 
007 	 1.790 
009 	 2.130 
016 	 2.210 
008 	 2.650 
019 	 2.360 
007 	 7.060 
007 	 5.240 
005 	 4.090 
004 	 3.260 
011 	 3.160 
007 	 2.370 
011 	 2.040 
004 	 2.630 
017 	 1.980 
003 	 1.990 
006 	 2.170 
012 	 2.800 
018 	 1.940 
007 	 8.250 
019 	 3.740 
005 	 4.740 
007 	 4.190 
019 	 2.360 
009 	 1.590 
002 	 2.030 
004 	 3.260 
011 	 2.040 
007 	 1.030 
001 	 2.000 
019 	 3.130 
005 	 3.210 
007 	 2.330 
002 	 0.980 
007 	 1.960 
011 	 2.600 
011 	 4.110 
009 	 1.590 
005 	 2.470 
009 	 1.110 
007 	 2.810 
002 	 0.830 
010 	 2.860 
002 	 1.190 
010 	 2.910 
002 	 1.670 
019 	 0.860 
011 	 1.680 
003 	 4.920 
011 	 2.040 
015 	 3.490 
007 	 1.030 
009 	 3.360 
002 	 3.450 
012 	 4.800 
004 	 4.430 
020 	 2.190 
002 	 1.640 
007 	 2.440 
016 	 1.400 
005 	 3.430 
011 	 2.450 
019 	 4.650 
009 	 2.690 
007 	 1.470 
008 	 2.650 
019 	 2.360 
002 	 2.640 
005 	 4.090 
004 	 3.260 
001 	 2.000 
002 	 2.640 
019 	 3.130 
004 	 4.430 
001 	 2.000 
009 	 1.110 
007 	 0.720 
016 	 1.870 
008 	 2.250 
002 	 1.670 
007 	 0.850 
001 	 1.650 
009 	 3.360 
007 	 2.330 
002 	 1.190 
007 	 1.030 
002 	 0.920 
006 	 1.890 
009 	 1.180 
007 	 1.610 
016 	 1.220 
005 	 3.060 
011 	 2.260 
019 	 3.130 
019 	 2.360 
007 	 2.330 
002 	 0.720 
007 	 2.130 
011 	 1.230 
004 	 1.960 
010 	 1.750 
007 	 5.310 
004 	 3.260 
007 	 0.850 
010 	 2.400 
001 	 2.550 
005 	 4.090 
019 	 1.050 
001 	 2.000 
001 	 7.350 
002 	 1.190 
019 	 1.820 
002 	 3.450 
009 	 0.960 
012 	 2.220 
016 	 1.610 
019 	 1.450 
002 	 0.720 
007 	 2.840 
005 	 1.500 
019 	 2.360 
009 	 1.590 
019 	 1.820 
005 	 5.230 
005 	 4.090 
016 	 6.450 
009 	 1.590 
019 	 1.050 
007 	 2.330 
012 	 3.680 
004 	 3.260 
002 	 1.190 
007 	 1.790 
019 	 1.050 
011 	 2.040 
019 	 1.050 
008 	 3.210 
019 	 2.360 
005 	 5.620 
007 	 5.620 
011 	 2.040 
002 	 4.660 
007 	 1.790 
007 	 4.940 
002 	 1.190 
001 	 2.000 
007 	 1.030 
005 	 1.500 
019 	 3.130 
007 	 2.330 
007 	 3.090 
016 	 2.210 
019 	 0.860 
011 	 1.680 
007 	 3.690 
019 	 0.860 
005 	 1.240 
010 	 2.400 
016 	 5.030 
019 	 2.360 
009 	 3.360 
007 	 2.330 
011 	 4.110 
002 	 1.190 
001 	 2.000 
002 	 0.830 
011 	 2.210 
008 	 2.250 
001 	 2.170 
002 	 0.830 
007 	 0.720 
019 	 1.270 
001 	 1.400 
009 	 1.590 
007 	 3.220 
007 	 4.190 
007 	 2.330 
002 	 1.190 
005 	 1.500 
002 	 1.190 
016 	 2.680 
019 	 1.050 
010 	 2.910 
005 	 5.620 
005 	 3.640 
019 	 1.050 
009 	 3.360 
002 	 3.450 
005 	 3.210 
009 	 1.810 
002 	 1.420 
011 	 2.210 
001 	 1.400 
007 	 4.190 
014 	 4.160 
006 	 4.150 
005 	 3.210 
007 	 1.030 
011 	 2.040 
011 	 2.600 
019 	 3.160 
001 	 1.650 
019 	 6.130 
005 	 3.210 
002 	 4.990 
002 	 5.330 
002 	 1.190 
019 	 1.050 
007 	 0.850 
011 	 1.680 
010 	 2.400 
009 	 2.580 
019 	 1.050 
001 	 7.960 
007 	 3.690 
011 	 4.110 
002 	 0.980 
007 	 3.320 
016 	 3.180 
007 	 2.370 
019 	 1.050 
002 	 0.720 
007 	 0.620 
011 	 1.230 
019 	 0.630 
001 	 1.200 
008 	 5.620 
001 	 3.800 
005 	 3.140 
019 	 1.050 
007 	 6.500 
007 	 4.600 
011 	 4.110 
002 	 3.160 
019 	 0.860 
008 	 2.650 
002 	 2.030 
019 	 1.050 
008 	 4.390 
001 	 3.800 
007 	 3.690 
005 	 4.090 
002 	 1.190 
010 	 2.910 
009 	 3.360 
005 	 4.090 
009 	 1.590 
019 	 1.820 
019 	 2.360 
020 	 4.180 
011 	 2.040 
009 	 3.360 
005 	 4.090 
019 	 2.360 
002 	 2.030 
019 	 1.050 
005 	 4.740 
002 	 8.390 
011 	 4.110 
019 	 4.060 
001 	 4.630 
007 	 2.650 
011 	 1.680 
001 	 2.550 
005 	 4.740 
007 	 1.030 
004 	 3.260 
015 	 2.440 
011 	 1.430 
005 	 4.240 
019 	 1.680 
005 	 3.210 
019 	 2.410 
001 	 2.000 
009 	 1.590 
019 	 1.050 
011 	 4.110 
007 	 1.790 
019 	 1.820 
002 	 1.190 
019 	 1.050 
009 	 1.590 
019 	 1.050 
007 	 1.030 
010 	 2.910 
007 	 2.330 
009 	 3.360 
002 	 1.190 
019 	 1.050 
007 	 2.370 
011 	 2.040 
002 	 2.030 
007 	 2.370 
005 	 3.210 
019 	 2.360 
002 	 2.030 
005 	 1.500 
005 	 4.940 
003 	 3.820 
009 	 2.130 
002 	 2.580 
001 	 2.550 
005 	 4.090 
015 	 3.490 
006 	 5.650 
009 	 1.590 
019 	 1.050 
019 	 2.360 
007 	 5.240 
010 	 5.330 
005 	 5.230 
019 	 4.240 
002 	 2.030 
007 	 1.030 
007 	 3.090 
002 	 1.190 
019 	 2.880 
002 	 1.190 
006 	 4.150 
007 	 2.330 
007 	 2.330 
009 	 1.590 
007 	 1.030 
005 	 7.490 
005 	 2.470 
011 	 2.040 
007 	 4.600 
002 	 1.190 
019 	 1.820 
009 	 1.590 
007 	 1.790 
009 	 2.690 
002 	 2.900 
014 	 3.430 
006 	 6.740 
019 	 2.410 
001 	 3.100 
007 	 1.030 
011 	 2.040 
010 	 4.630 
019 	 0.860 
001 	 1.650 
005 	 3.210 
019 	 2.360 
002 	 3.450 
005 	 3.140 
003 	 3.820 
005 	 2.470 
019 	 1.050 
002 	 0.980 
005 	 2.040 
019 	 1.500 
009 	 3.270 
007 	 1.030 
007 	 2.650 
004 	 2.680 
011 	 2.600 
005 	 5.230 
002 	 2.030 
007 	 1.030 
002 	 1.850 
007 	 0.720 
011 	 1.430 
001 	 1.400 
002 	 2.640 
005 	 3.210 
002 	 2.460 
007 	 1.660 
016 	 1.870 
019 	 2.010 
002 	 0.980 
019 	 0.860 
001 	 1.650 
007 	 4.190 
002 	 0.830 
007 	 0.720 
018 	 3.380 
019 	 0.730 
002 	 1.190 
019 	 1.820 
007 	 2.330 
019 	 1.050 
001 	 2.000 
019 	 2.360 
005 	 3.210 
005 	 4.740 
007 	 7.190 
011 	 4.110 
007 	 2.330 
007 	 2.330 
007 	 0.850 
016 	 2.210 
011 	 4.910 
007 	 2.330 
009 	 1.590 
002 	 2.650 
015 	 2.880 
007 	 0.850 
019 	 3.350 
005 	 3.210 
002 	 4.990 
007 	 2.840 
001 	 3.100 
007 	 2.330 
012 	 3.030 
018 	 3.060 
004 	 2.680 
007 	 1.030 
019 	 2.880 
007 	 4.190 
007 	 0.850 
019 	 0.860 
010 	 2.400 
007 	 3.690 
007 	 1.470 
016 	 2.210 
019 	 0.860 
002 	 2.650 
019 	 1.050 
001 	 4.940 
007 	 1.790 
005 	 2.470 
009 	 1.590 
011 	 6.310 
019 	 1.820 
003 	 5.440 
007 	 1.030 
001 	 2.000 
009 	 4.250 
005 	 4.090 
014 	 6.760 
007 	 1.030 
019 	 2.410 
009 	 3.360 
005 	 4.090 
007 	 1.790 
019 	 1.050 
008 	 3.210 
001 	 2.000 
019 	 3.130 
007 	 2.330 
002 	 4.080 
015 	 4.640 
007 	 1.030 
005 	 4.090 
002 	 0.830 
007 	 1.980 
019 	 1.270 
010 	 2.030 
002 	 3.830 
019 	 1.050 
002 	 1.190 
005 	 4.770 
005 	 4.460 
003 	 3.140 
019 	 1.500 
003 	 6.400 
002 	 2.640 
007 	 1.030 
005 	 1.500 
009 	 1.590 
004 	 3.260 
009 	 0.960 
007 	 1.430 
019 	 1.450 
005 	 3.260 
006 	 2.500 
009 	 1.590 
007 	 1.030 
019 	 0.480 
003 	 2.240 
010 	 1.330 
002 	 0.920 
007 	 0.470 
005 	 2.600 
014 	 1.900 
009 	 0.960 
007 	 2.810 
016 	 2.730 
002 	 0.720 
008 	 1.930 
012 	 2.570 
007 	 0.720 
019 	 2.280 
001 	 1.400 
005 	 3.210 
019 	 2.360 
002 	 2.640 
009 	 1.110 
010 	 3.590 
019 	 2.010 
001 	 2.650 
009 	 1.310 
019 	 0.860 
010 	 2.400 
015 	 6.040 
007 	 0.850 
019 	 1.500 
011 	 1.680 
005 	 3.210 
009 	 1.110 
007 	 0.720 
011 	 3.270 
010 	 2.030 
019 	 1.050 
008 	 3.210 
005 	 4.090 
009 	 2.130 
007 	 1.960 
002 	 0.980 
002 	 1.190 
007 	 2.370 
019 	 3.740 
004 	 3.260 
011 	 3.160 
016 	 2.680 
001 	 2.000 
019 	 2.360 
009 	 3.360 
002 	 1.190 
001 	 2.000 
009 	 1.590 
001 	 2.000 
005 	 4.090 
002 	 2.190 
016 	 2.210 
001 	 1.650 
007 	 4.600 
005 	 1.500 
008 	 5.800 
002 	 0.980 
007 	 1.470 
011 	 1.680 
009 	 3.360 
019 	 2.360 
007 	 2.340 
017 	 3.120 
019 	 0.860 
002 	 1.670 
016 	 2.210 
019 	 0.860 
007 	 1.030 
004 	 3.260 
009 	 1.310 
007 	 0.850 
001 	 4.350 
002 	 0.980 
007 	 0.850 
001 	 1.650 
005 	 3.210 
009 	 1.310 
007 	 0.850 
011 	 1.680 
004 	 3.260 
011 	 5.160 
002 	 1.190 
007 	 1.030 
005 	 3.210 
002 	 0.980 
007 	 2.340 
019 	 1.500 
009 	 2.580 
019 	 1.820 
002 	 2.640 
019 	 1.050 
006 	 5.650 
019 	 3.740 
009 	 1.310 
002 	 1.670 
008 	 2.650 
019 	 3.130 
002 	 2.030 
001 	 2.000 
009 	 3.360 
009 	 3.360 
009 	 1.110 
007 	 0.720 
004 	 2.280 
005 	 1.050 
002 	 0.980 
005 	 2.590 
003 	 4.050 
019 	 2.360 
019 	 1.050 
006 	 4.150 
009 	 1.590 
016 	 2.680 
007 	 1.030 
005 	 2.470 
007 	 1.030 
016 	 2.680 
009 	 1.590 
016 	 2.680 
007 	 2.330 
019 	 2.360 
002 	 2.900 
019 	 3.350 
001 	 3.530 
005 	 6.420 
007 	 4.190 
007 	 3.690 
005 	 5.230 
019 	 2.360 
011 	 7.390 
002 	 3.450 
009 	 2.580 
015 	 3.490 
016 	 2.210 
005 	 3.760 
019 	 0.860 
007 	 1.030 
019 	 1.820 
019 	 4.240 
002 	 0.980 
019 	 1.500 
001 	 1.650 
005 	 6.610 
009 	 3.270 
002 	 1.190 
009 	 2.130 
007 	 1.470 
010 	 2.400 
002 	 2.640 
009 	 6.550 
016 	 2.680 
010 	 2.910 
005 	 4.090 
007 	 4.190 
009 	 2.580 
019 	 1.050 
007 	 0.720 
011 	 1.430 
019 	 0.730 
001 	 1.400 
019 	 1.050 
008 	 3.210 
002 	 2.640 
002 	 0.830 
007 	 0.720 
016 	 2.700 
011 	 1.430 
005 	 3.210 
019 	 2.880 
001 	 2.000 
002 	 1.190 
019 	 1.820 
016 	 2.680 
019 	 1.820 
007 	 1.250 
016 	 1.870 
019 	 0.730 
001 	 2.650 
009 	 1.590 
007 	 5.000 
007 	 1.030 
019 	 1.820 
007 	 2.330 
019 	 3.740 
009 	 2.580 
007 	 1.030 
007 	 2.340 
005 	 3.000 
019 	 1.980 
005 	 3.210 
005 	 5.640 
019 	 1.050 
009 	 1.590 
016 	 2.680 
002 	 2.640 
019 	 2.360 
002 	 1.190 
019 	 1.050 
019 	 2.360 
002 	 1.190 
019 	 1.050 
007 	 1.470 
008 	 2.650 
010 	 2.400 
011 	 4.110 
015 	 3.820 
002 	 0.980 
019 	 0.860 
019 	 3.130 
002 	 0.720 
007 	 2.420 
016 	 1.610 
019 	 1.090 
011 	 1.230 
009 	 1.310 
016 	 2.210 
019 	 0.860 
002 	 1.190 
007 	 1.030 
016 	 2.680 
019 	 4.260 
002 	 1.190 
007 	 1.030 
011 	 4.110 
014 	 6.760 
007 	 3.690 
009 	 1.310 
016 	 2.210 
010 	 2.400 
005 	 3.210 
019 	 4.240 
019 	 1.050 
010 	 2.910 
007 	 3.090 
007 	 4.190 
002 	 3.140 
019 	 1.050 
002 	 2.640 
005 	 8.190 
002 	 2.640 
009 	 1.590 
001 	 3.100 
002 	 3.450 
010 	 2.910 
001 	 2.000 
009 	 3.360 
012 	 2.570 
018 	 2.590 
004 	 2.280 
011 	 1.430 
007 	 2.330 
019 	 2.360 
019 	 3.740 
007 	 2.330 
004 	 4.430 
001 	 2.000 
009 	 1.590 
007 	 1.790 
011 	 5.010 
001 	 5.570 
019 	 2.360 
009 	 1.310 
002 	 2.190 
016 	 2.210 
019 	 2.360 
015 	 3.490 
007 	 1.030 
016 	 2.680 
008 	 4.990 
002 	 0.980 
016 	 2.210 
019 	 1.500 
001 	 4.030 
005 	 3.210 
019 	 2.360 
007 	 3.090 
005 	 1.500 
019 	 2.880 
002 	 2.640 
009 	 1.110 
007 	 1.250 
016 	 1.870 
002 	 0.830 
011 	 4.110 
005 	 3.210 
001 	 4.030 
009 	 1.810 
007 	 1.250 
019 	 0.730 
008 	 2.250 
002 	 2.030 
019 	 1.050 
007 	 3.090 
002 	 0.810 
001 	 0.800 
009 	 0.630 
007 	 1.410 
011 	 1.530 
016 	 1.070 
005 	 2.290 
019 	 0.420 
007 	 2.330 
002 	 0.980 
007 	 1.470 
004 	 2.680 
009 	 2.670 
002 	 2.810 
016 	 1.610 
019 	 2.560 
008 	 2.640 
005 	 3.210 
019 	 2.360 
005 	 4.090 
005 	 8.110 
010 	 3.370 
019 	 3.350 
001 	 3.130 
019 	 2.360 
007 	 2.840 
019 	 1.820 
002 	 1.190 
019 	 1.820 
002 	 1.190 
019 	 1.820 
007 	 2.330 
019 	 2.360 
009 	 0.960 
007 	 1.430 
010 	 2.470 
019 	 0.630 
001 	 1.200 
002 	 4.580 
009 	 3.360 
009 	 1.590 
002 	 1.190 
019 	 2.360 
012 	 3.680 
004 	 3.260 
018 	 6.280 
019 	 3.130 
009 	 2.580 
004 	 3.260 
002 	 4.580 
005 	 4.090 
002 	 1.190 
007 	 1.030 
005 	 5.230 
019 	 4.060 
001 	 3.800 
009 	 1.310 
002 	 0.980 
001 	 1.650 
007 	 1.470 
019 	 0.860 
011 	 3.860 
009 	 1.590 
007 	 1.790 
019 	 2.360 
007 	 2.330 
018 	 3.710 
019 	 1.050 
019 	 1.820 
008 	 3.210 
007 	 1.030 
019 	 1.050 
001 	 4.030 
014 	 4.160 
006 	 4.150 
005 	 3.210 
002 	 2.640 
002 	 2.640 
005 	 5.620 
002 	 1.600 
016 	 1.610 
018 	 2.230 
019 	 0.630 
001 	 1.200 
009 	 1.590 
019 	 1.820 
004 	 3.260 
011 	 3.160 
005 	 3.640 
019 	 1.050 
002 	 3.450 
002 	 5.330 
009 	 1.590 
007 	 1.030 
007 	 2.330 
002 	 3.450 
011 	 4.110 
019 	 1.820 
001 	 2.000 
011 	 4.110 
007 	 0.850 
019 	 0.860 
008 	 2.650 
002 	 2.640 
007 	 2.330 
009 	 1.590 
016 	 2.680 
002 	 2.640 
007 	 4.190 
007 	 3.090 
002 	 0.830 
007 	 1.980 
016 	 1.870 
001 	 2.650 
002 	 2.640 
007 	 1.030 
005 	 2.470 
020 	 6.780 
002 	 1.190 
008 	 3.210 
019 	 3.130 
005 	 4.020 
019 	 1.050 
002 	 4.080 
002 	 4.930 
019 	 1.820 
007 	 2.330 
007 	 2.330 
016 	 2.680 
019 	 1.050 
019 	 2.360 
005 	 3.210 
016 	 2.210 
017 	 3.120 
008 	 2.650 
011 	 4.110 
007 	 3.690 
009 	 1.590 
002 	 1.190 
002 	 3.450 
007 	 2.330 
019 	 1.050 
001 	 2.000 
005 	 3.210 
007 	 3.690 
009 	 1.590 
007 	 1.030 
002 	 2.640 
002 	 3.450 
002 	 2.640 
002 	 2.460 
008 	 2.250 
004 	 2.280 
001 	 2.170 
007 	 3.220 
019 	 1.050 
019 	 2.360 
005 	 3.210 
009 	 1.590 
011 	 2.040 
012 	 3.680 
004 	 3.260 
012 	 3.030 
004 	 2.680 
010 	 2.400 
007 	 1.030 
019 	 3.570 
009 	 1.310 
017 	 3.120 
019 	 0.860 
005 	 3.210 
002 	 1.420 
019 	 1.270 
014 	 2.910 
008 	 2.250 
009 	 2.280 
007 	 1.250 
002 	 0.830 
011 	 1.430 
019 	 1.820 
001 	 2.000 
012 	 6.960 
017 	 7.450 
002 	 1.190 
007 	 1.030 
005 	 1.500 
001 	 3.100 
009 	 4.250 
002 	 1.190 
007 	 2.370 
009 	 1.110 
007 	 1.250 
019 	 1.270 
002 	 1.850 
019 	 1.050 
011 	 2.040 
004 	 5.640 
005 	 1.500 
007 	 2.330 
009 	 1.110 
007 	 1.660 
019 	 3.630 
002 	 1.850 
007 	 2.370 
019 	 1.820 
009 	 1.590 
011 	 2.040 
005 	 3.210 
002 	 2.030 
019 	 1.050 
002 	 1.190 
007 	 1.030 
005 	 3.210 
019 	 1.820 
001 	 2.000 
007 	 0.850 
016 	 3.730 
019 	 0.860 
005 	 7.420 
007 	 1.790 
019 	 1.050 
016 	 2.210 
004 	 2.680 
011 	 1.680 
009 	 1.110 
007 	 1.250 
019 	 0.730 
002 	 0.830 
001 	 4.030 
009 	 1.810 
007 	 1.660 
005 	 3.190 
003 	 2.670 
007 	 1.030 
017 	 3.780 
002 	 3.450 
007 	 3.090 
002 	 2.680 
010 	 2.030 
019 	 1.680 
001 	 1.400 
009 	 1.110 
002 	 4.590 
016 	 3.460 
017 	 3.420 
009 	 4.250 
002 	 4.580 
007 	 2.330 
002 	 1.210 
001 	 0.910 
009 	 0.720 
007 	 0.470 
016 	 1.220 
019 	 0.480 
008 	 1.460 
007 	 2.330 
007 	 3.090 
008 	 3.070 
010 	 3.310 
019 	 0.730 
001 	 3.690 
014 	 4.160 
006 	 5.180 
002 	 2.640 
007 	 3.690 
005 	 4.740 
007 	 2.330 
009 	 1.310 
019 	 0.860 
011 	 1.680 
007 	 1.030 
019 	 1.050 
019 	 2.360 
007 	 0.850 
016 	 3.180 
019 	 0.860 
007 	 2.370 
011 	 2.040 
009 	 0.960 
007 	 1.080 
019 	 0.630 
002 	 0.720 
008 	 1.930 
010 	 2.400 
019 	 0.860 
001 	 2.550 
002 	 0.980 
007 	 2.340 
016 	 3.180 
007 	 3.690 
005 	 5.940 
007 	 1.030 
019 	 1.050 
002 	 1.190 
007 	 1.030 
007 	 1.030 
001 	 2.000 
009 	 4.250 
009 	 3.360 
002 	 4.660 
019 	 2.880 
002 	 2.640 
009 	 2.580 
005 	 5.410 
002 	 0.830 
007 	 0.720 
019 	 0.730 
003 	 2.670 
007 	 3.090 
005 	 3.210 
002 	 0.980 
004 	 2.680 
017 	 3.120 
005 	 3.210 
007 	 1.030 
011 	 2.040 
009 	 1.310 
011 	 1.680 
001 	 1.650 
007 	 1.470 
019 	 0.860 
001 	 1.650 
005 	 3.210 
005 	 3.210 
005 	 5.620 
011 	 4.110 
007 	 1.790 
011 	 3.850 
010 	 2.910 
001 	 2.000 
007 	 3.090 
019 	 3.130 
002 	 1.190 
007 	 1.030 
005 	 4.740 
010 	 2.400 
019 	 2.370 
001 	 2.550 
019 	 1.050 
001 	 3.800 
009 	 2.130 
007 	 2.910 
011 	 1.680 
002 	 1.190 
007 	 1.030 
001 	 4.030 
009 	 1.590 
007 	 1.030 
005 	 3.210 
007 	 2.660 
016 	 1.870 
019 	 1.270 
008 	 2.250 
002 	 2.190 
016 	 1.870 
019 	 0.730 
010 	 2.030 
002 	 1.190 
007 	 1.030 
005 	 4.090 
007 	 1.030 
011 	 2.040 
005 	 3.210 
002 	 1.420 
007 	 1.980 
019 	 1.270 
001 	 2.170 
019 	 2.360 
019 	 4.240 
009 	 1.810 
007 	 1.250 
019 	 2.500 
002 	 0.830 
005 	 3.210 
007 	 3.690 
015 	 5.210 
007 	 3.220 
007 	 2.330 
011 	 6.710 
001 	 4.030 
002 	 2.650 
018 	 3.710 
005 	 4.740 
019 	 1.050 
001 	 2.000 
005 	 4.740 
019 	 1.820 
011 	 3.850 
009 	 1.590 
019 	 1.820 
007 	 7.130 
016 	 2.210 
019 	 2.370 
001 	 1.650 
002 	 1.190 
005 	 4.320 
002 	 0.980 
007 	 1.960 
019 	 3.350 
009 	 0.960 
002 	 1.220 
018 	 2.230 
019 	 2.310 
001 	 2.290 
019 	 7.020 
007 	 1.030 
005 	 2.470 
007 	 1.030 
011 	 2.040 
019 	 5.760 
007 	 2.330 
002 	 1.190 
007 	 3.800 
009 	 1.590 
002 	 1.190 
002 	 1.190 
011 	 2.040 
007 	 2.330 
019 	 1.050 
001 	 2.000 
019 	 4.240 
009 	 1.590 
019 	 1.820 
009 	 2.690 
002 	 0.980 
019 	 0.860 
002 	 1.190 
019 	 1.050 
007 	 5.910 
002 	 0.540 
018 	 1.690 
001 	 0.910 
015 	 1.590 
007 	 0.810 
016 	 1.220 
019 	 0.480 
002 	 1.670 
005 	 1.240 
019 	 0.860 
002 	 6.690 
002 	 3.550 
007 	 2.340 
010 	 2.400 
007 	 1.030 
019 	 1.050 
007 	 3.090 
010 	 2.030 
018 	 3.380 
019 	 0.730 
001 	 1.400 
005 	 4.590 
003 	 3.140 
011 	 3.170 
009 	 1.310 
019 	 1.500 
001 	 1.650 
007 	 0.720 
019 	 1.270 
005 	 1.050 
001 	 1.400 
002 	 6.070 
009 	 0.960 
002 	 0.720 
011 	 1.230 
005 	 3.200 
019 	 1.090 
005 	 3.640 
011 	 2.040 
013 	 3.160 
005 	 4.710 
017 	 3.420 
014 	 2.910 
009 	 1.310 
007 	 0.850 
019 	 0.860 
002 	 2.640 
005 	 6.420 
005 	 4.740 
011 	 5.640 
006 	 6.740 
016 	 2.680 
011 	 2.040 
002 	 3.450 
005 	 4.090 
007 	 1.030 
019 	 1.050 
009 	 2.580 
018 	 3.710 
002 	 3.450 
002 	 1.850 
012 	 2.570 
011 	 1.430 
001 	 1.400 
019 	 1.820 
001 	 3.800 
002 	 2.970 
004 	 1.480 
017 	 2.230 
015 	 1.590 
007 	 1.840 
018 	 2.690 
019 	 0.480 
019 	 2.360 
002 	 1.190 
019 	 1.050 
015 	 4.570 
019 	 3.880 
001 	 1.650 
019 	 3.740 
007 	 2.330 
009 	 1.590 
007 	 1.030 
019 	 2.360 
009 	 5.380 
007 	 1.790 
016 	 2.680 
005 	 3.210 
019 	 1.050 
011 	 2.040 
019 	 4.240 
016 	 4.960 
008 	 3.210 
007 	 2.330 
007 	 3.690 
019 	 3.130 
005 	 3.210 
009 	 1.590 
002 	 1.190 
007 	 3.690 
002 	 0.980 
007 	 0.850 
019 	 0.860 
009 	 4.250 
002 	 1.190 
019 	 1.820 
019 	 2.360 
005 	 5.940 
009 	 1.590 
002 	 2.030 
008 	 5.710 
011 	 4.110 
011 	 4.110 
009 	 4.890 
002 	 2.640 
005 	 3.210 
002 	 2.460 
007 	 2.950 
016 	 3.170 
011 	 1.430 
019 	 2.360 
009 	 1.590 
011 	 2.040 
009 	 2.280 
002 	 0.830 
005 	 1.050 
011 	 2.210 
007 	 2.330 
007 	 1.030 
019 	 1.050 
019 	 1.050 
001 	 3.100 
002 	 1.190 
019 	 1.050 
002 	 4.310 
007 	 1.790 
007 	 2.330 
005 	 1.500 
019 	 1.050 
019 	 3.130 
007 	 1.030 
019 	 1.050 
005 	 3.210 
009 	 4.890 
005 	 3.210 
017 	 3.780 
019 	 1.050 
009 	 4.890 
005 	 3.210 
007 	 3.090 
019 	 3.130 
005 	 4.090 
015 	 5.550 
005 	 2.470 
007 	 3.090 
009 	 1.590 
019 	 1.050 
016 	 6.450 
002 	 1.190 
019 	 1.050 
007 	 2.330 
002 	 2.030 
019 	 1.050 
009 	 0.960 
012 	 2.220 
016 	 2.330 
004 	 1.960 
002 	 0.720 
002 	 2.640 
007 	 2.330 
005 	 5.620 
005 	 6.420 
009 	 2.580 
011 	 2.040 
014 	 4.160 
006 	 5.180 
019 	 2.360 
002 	 1.850 
007 	 3.270 
005 	 1.050 
019 	 1.270 
005 	 4.090 
007 	 4.190 
005 	 5.620 
007 	 1.790 
019 	 2.880 
002 	 2.640 
011 	 5.010 
007 	 1.030 
019 	 1.050 
010 	 7.050 
002 	 1.190 
007 	 1.030 
005 	 5.620 
005 	 3.210 
019 	 1.050 
010 	 2.910 
007 	 0.850 
004 	 2.680 
019 	 0.860 
019 	 1.050 
001 	 2.000 
009 	 3.360 
009 	 5.380 
019 	 3.130 
007 	 2.370 
001 	 2.000 
009 	 1.590 
004 	 3.260 
002 	 2.030 
007 	 1.790 
010 	 4.740 
001 	 2.000 
010 	 2.910 
001 	 2.000 
005 	 5.080 
001 	 2.000 
019 	 3.130 
002 	 0.980 
007 	 0.850 
018 	 3.980 
007 	 4.680 
005 	 1.500 
009 	 1.110 
002 	 1.420 
019 	 1.270 
008 	 2.250 
002 	 2.640 
002 	 1.190 
001 	 2.000 
007 	 4.940 
005 	 6.420 
002 	 1.190 
007 	 1.030 
005 	 4.090 
005 	 3.210 
007 	 2.330 
007 	 2.330 
004 	 5.760 
002 	 3.960 
016 	 3.180 
018 	 3.060 
009 	 1.110 
015 	 2.440 
005 	 1.730 
008 	 3.070 
011 	 4.110 
019 	 2.360 
019 	 2.360 
003 	 7.080 
002 	 4.080 
002 	 3.450 
005 	 4.090 
002 	 4.080 
009 	 4.890 
007 	 1.030 
011 	 3.850 
007 	 2.330 
009 	 4.140 
019 	 1.820 
016 	 2.680 
019 	 2.410 
002 	 1.190 
019 	 1.050 
002 	 2.640 
007 	 2.330 
009 	 1.110 
002 	 1.420 
019 	 1.270 
010 	 2.030 
002 	 1.190 
019 	 1.820 
005 	 4.740 
005 	 4.090 
019 	 2.360 
019 	 3.130 
016 	 6.450 
002 	 1.190 
007 	 1.790 
002 	 0.980 
007 	 1.960 
010 	 2.400 
005 	 3.210 
005 	 1.500 
003 	 3.820 
008 	 2.250 
016 	 1.870 
014 	 2.910 
006 	 2.900 
007 	 2.330 
007 	 7.190 
002 	 0.980 
007 	 1.470 
001 	 1.650 
009 	 2.580 
007 	 1.030 
001 	 4.030 
009 	 3.360 
007 	 2.330 
019 	 4.260 
010 	 2.910 
012 	 2.570 
008 	 3.750 
019 	 0.730 
010 	 2.030 
002 	 0.830 
007 	 1.660 
008 	 2.250 
001 	 1.400 
005 	 4.090 
007 	 5.240 
007 	 0.720 
016 	 1.870 
019 	 0.730 
010 	 2.030 
005 	 3.210 
009 	 3.360 
007 	 2.330 
007 	 4.600 
009 	 1.310 
005 	 5.510 
003 	 3.140 
015 	 6.040 
013 	 4.520 
017 	 3.780 
002 	 1.190 
012 	 3.680 
012 	 3.680 
004 	 3.260 
005 	 3.210 
005 	 4.090 
011 	 6.440 
009 	 4.250 
007 	 6.240 
005 	 4.090 
002 	 2.030 
007 	 1.030 
002 	 1.190 
019 	 3.260 
011 	 5.010 
007 	 0.850 
004 	 2.680 
019 	 1.500 
007 	 0.850 
016 	 2.210 
005 	 4.070 
015 	 3.820 
007 	 1.470 
010 	 2.400 
009 	 1.590 
007 	 2.370 
015 	 2.100 
007 	 1.080 
010 	 1.750 
002 	 0.720 
001 	 1.200 
002 	 1.190 
005 	 2.470 
016 	 2.680 
019 	 1.050 
009 	 3.270 
002 	 1.190 
019 	 2.880 
001 	 2.000 
009 	 3.360 
002 	 0.980 
007 	 1.470 
005 	 2.040 
019 	 2.360 
007 	 3.090 
011 	 4.110 
007 	 2.330 
007 	 3.690 
019 	 1.050 
011 	 2.040 
002 	 2.030 
016 	 2.680 
002 	 0.980 
007 	 0.850 
011 	 4.500 
011 	 2.040 
010 	 2.910 
015 	 5.550 
005 	 1.500 
007 	 3.090 
009 	 1.310 
007 	 2.910 
016 	 3.180 
007 	 1.790 
011 	 2.040 
007 	 3.690 
009 	 2.130 
007 	 1.470 
011 	 1.680 
010 	 5.330 
007 	 3.530 
005 	 1.500 
011 	 4.110 
005 	 3.210 
005 	 3.210 
008 	 2.650 
016 	 2.210 
001 	 3.130 
002 	 1.670 
016 	 2.210 
008 	 2.650 
009 	 1.590 
016 	 3.860 
004 	 5.760 
002 	 1.670 
017 	 3.120 
019 	 0.860 
009 	 1.590 
002 	 1.190 
002 	 0.830 
007 	 0.720 
019 	 1.680 
011 	 2.210 
015 	 1.850 
009 	 0.630 
007 	 1.990 
011 	 1.970 
016 	 1.070 
005 	 2.730 
002 	 0.810 
019 	 1.300 
007 	 2.330 
007 	 1.030 
001 	 3.100 
009 	 1.310 
017 	 3.120 
011 	 1.680 
009 	 0.960 
007 	 1.710 
019 	 1.090 
002 	 0.720 
010 	 1.750 
005 	 4.090 
005 	 5.230 
007 	 4.940 
002 	 2.640 
005 	 5.620 
007 	 2.330 
002 	 1.190 
019 	 1.050 
009 	 1.110 
007 	 1.250 
016 	 1.870 
019 	 0.730 
019 	 4.240 
019 	 5.950 
002 	 4.080 
005 	 5.620 
001 	 4.030 
007 	 4.600 
007 	 2.330 
002 	 1.670 
007 	 0.850 
019 	 0.860 
019 	 2.360 
005 	 4.090 
002 	 0.830 
007 	 2.660 
019 	 2.280 
001 	 1.400 
007 	 2.330 
009 	 3.360 
002 	 0.980 
007 	 0.850 
005 	 4.590 
005 	 5.230 
002 	 0.980 
017 	 3.120 
011 	 1.680 
005 	 3.210 
019 	 2.360 
002 	 4.080 
009 	 3.360 
007 	 3.090 
011 	 7.500 
002 	 0.830 
011 	 1.430 
019 	 2.280 
001 	 2.170 
002 	 1.190 
010 	 2.910 
005 	 4.090 
009 	 1.590 
002 	 2.030 
005 	 4.090 
007 	 1.030 
004 	 3.260 
019 	 4.240 
002 	 2.030 
011 	 2.040 
009 	 3.360 
009 	 2.580 
017 	 5.420 
005 	 7.250 
009 	 1.310 
007 	 0.850 
005 	 3.930 
009 	 1.590 
003 	 4.920 
007 	 4.940 
012 	 3.680 
019 	 1.050 
002 	 4.090 
019 	 1.820 
009 	 1.310 
007 	 0.850 
010 	 2.400 
009 	 1.110 
015 	 2.440 
005 	 1.050 
007 	 0.720 
004 	 2.280 
005 	 1.730 
003 	 3.440 
011 	 1.430 
002 	 1.190 
019 	 1.050 
011 	 4.110 
009 	 1.590 
019 	 3.570 
007 	 2.330 
002 	 0.470 
003 	 1.960 
007 	 1.600 
009 	 1.300 
012 	 1.470 
016 	 1.540 
019 	 1.530 
011 	 1.720 
009 	 1.310 
019 	 0.860 
011 	 1.680 
007 	 2.340 
005 	 1.240 
001 	 1.650 
002 	 6.070 
007 	 1.030 
005 	 3.140 
007 	 1.030 
011 	 2.040 
002 	 5.330 
009 	 2.580 
002 	 1.190 
001 	 5.570 
002 	 2.640 
005 	 4.090 
019 	 2.360 
019 	 1.050 
001 	 2.000 
011 	 6.440 
005 	 5.620 
015 	 3.490 
007 	 1.030 
009 	 1.590 
017 	 3.780 
007 	 1.790 
005 	 1.500 
005 	 3.210 
005 	 3.210 
015 	 2.100 
007 	 1.080 
019 	 1.450 
002 	 1.600 
008 	 1.930 
002 	 1.190 
008 	 3.210 
016 	 5.030 
019 	 3.130 
007 	 1.030 
005 	 2.470 
002 	 4.580 
019 	 1.820 
001 	 2.000 
009 	 3.410 
003 	 3.140 
010 	 3.370 
007 	 3.800 
019 	 1.050 
005 	 5.230 
002 	 2.640 
009 	 1.310 
019 	 1.500 
001 	 1.650 
002 	 1.190 
007 	 1.030 
019 	 2.360 
019 	 2.360 
009 	 1.310 
007 	 3.620 
019 	 0.860 
002 	 1.190 
007 	 1.790 
017 	 6.360 
002 	 0.830 
007 	 1.980 
019 	 0.730 
011 	 1.430 
009 	 5.770 
019 	 2.360 
009 	 1.590 
019 	 1.050 
002 	 2.640 
020 	 4.180 
011 	 5.840 
009 	 1.810 
007 	 1.250 
005 	 1.050 
019 	 2.970 
018 	 3.710 
017 	 3.780 
007 	 1.790 
019 	 2.880 
007 	 1.470 
018 	 3.060 
010 	 2.400 
002 	 1.190 
019 	 1.050 
019 	 2.360 
005 	 4.090 
002 	 4.080 
019 	 3.130 
009 	 1.590 
019 	 1.050 
019 	 3.130 
009 	 1.590 
004 	 3.260 
007 	 2.330 
012 	 3.030 
019 	 0.860 
001 	 2.550 
004 	 3.260 
011 	 2.040 
020 	 6.780 
015 	 6.780 
002 	 1.190 
019 	 1.050 
009 	 1.590 
019 	 1.050 
019 	 2.410 
001 	 3.100 
007 	 6.240 
005 	 3.210 
009 	 1.110 
007 	 0.720 
019 	 2.010 
002 	 1.420 
007 	 2.330 
007 	 3.220 
019 	 2.410 
001 	 4.030 
002 	 1.670 
007 	 1.470 
011 	 1.680 
007 	 2.330 
019 	 2.360 
015 	 6.040 
019 	 2.880 
001 	 2.000 
012 	 3.030 
016 	 2.210 
004 	 2.680 
009 	 1.590 
019 	 1.050 
005 	 3.210 
007 	 1.030 
011 	 2.040 
002 	 2.030 
019 	 2.410 
007 	 1.030 
019 	 1.820 
005 	 4.740 
007 	 2.250 
004 	 2.280 
005 	 1.050 
011 	 1.430 
005 	 5.940 
009 	 2.130 
002 	 0.980 
019 	 1.500 
001 	 4.030 
015 	 7.220 
009 	 6.080 
007 	 3.690 
007 	 3.090 
009 	 7.250 
002 	 0.980 
020 	 4.290 
019 	 0.860 
012 	 3.680 
007 	 1.030 
002 	 0.720 
012 	 2.220 
004 	 1.960 
019 	 0.630 
007 	 0.620 
007 	 3.220 
003 	 5.440 
002 	 2.970 
007 	 0.620 
019 	 0.630 
005 	 2.750 
010 	 1.750 
007 	 6.080 
009 	 4.250 
005 	 3.210 
002 	 1.190 
001 	 2.000 
005 	 3.210 
007 	 5.240 
005 	 3.210 
002 	 0.980 
018 	 3.060 
005 	 1.240 
009 	 7.930 
010 	 5.330 
019 	 5.760 
009 	 3.360 
002 	 0.830 
011 	 1.430 
019 	 0.730 
001 	 1.400 
002 	 2.640 
009 	 1.590 
007 	 3.220 
005 	 4.090 
002 	 1.190 
019 	 3.570 
019 	 2.360 
020 	 4.180 
011 	 2.040 
019 	 1.820 
001 	 2.000 
009 	 3.270 
007 	 2.370 
007 	 3.090 
009 	 1.810 
007 	 1.660 
005 	 3.450 
019 	 0.730 
016 	 3.180 
019 	 2.680 
001 	 2.550 
007 	 2.330 
005 	 6.610 
002 	 1.190 
019 	 1.820 
002 	 0.830 
016 	 1.870 
019 	 1.270 
001 	 1.400 
008 	 2.650 
019 	 0.860 
001 	 1.650 
011 	 4.110 
002 	 0.830 
007 	 1.660 
019 	 0.730 
011 	 1.430 
002 	 1.190 
007 	 1.030 
019 	 3.130 
007 	 2.330 
007 	 2.330 
007 	 1.030 
019 	 1.820 
002 	 2.640 
007 	 2.330 
009 	 1.590 
019 	 1.050 
007 	 3.090 
016 	 2.210 
019 	 0.860 
008 	 4.110 
005 	 5.230 
005 	 5.940 
007 	 1.790 
019 	 1.820 
009 	 1.110 
002 	 1.420 
019 	 1.680 
001 	 1.400 
007 	 1.790 
011 	 3.160 
002 	 2.030 
005 	 3.140 
019 	 2.360 
007 	 5.490 
019 	 5.950 
009 	 3.360 
005 	 3.210 
009 	 2.580 
002 	 2.030 
007 	 3.690 
001 	 4.030 
005 	 4.090 
019 	 3.740 
007 	 3.090 
005 	 3.210 
009 	 1.590 
005 	 1.500 
002 	 1.420 
007 	 0.720 
016 	 1.870 
010 	 2.030 
002 	 1.670 
007 	 0.850 
011 	 1.680 
007 	 2.330 
007 	 2.330 
009 	 1.810 
010 	 2.030 
019 	 2.280 
001 	 1.400 
005 	 3.210 
005 	 4.740 
005 	 5.940 
007 	 3.690 
009 	 1.590 
001 	 2.000 
019 	 4.650 
009 	 1.590 
019 	 1.050 
002 	 2.640 
009 	 1.590 
007 	 1.030 
019 	 5.540 
019 	 4.650 
009 	 1.110 
002 	 1.420 
011 	 1.430 
010 	 2.030 
007 	 3.690 
010 	 6.160 
009 	 3.360 
019 	 1.050 
001 	 2.000 
007 	 3.690 
019 	 4.240 
009 	 0.960 
007 	 1.430 
019 	 0.630 
002 	 0.720 
001 	 2.290 
002 	 0.980 
016 	 2.210 
001 	 1.650 
007 	 2.330 
007 	 1.030 
005 	 2.470 
009 	 2.580 
007 	 1.030 
007 	 4.190 
009 	 1.310 
007 	 0.850 
005 	 1.240 
002 	 1.190 
019 	 1.820 
005 	 3.210 
009 	 1.110 
002 	 0.830 
019 	 0.730 
011 	 2.210 
019 	 1.050 
011 	 2.040 
019 	 2.360 
002 	 1.390 
003 	 1.990 
009 	 0.830 
007 	 1.240 
019 	 2.010 
011 	 1.650 
005 	 3.210 
007 	 3.090 
005 	 3.210 
005 	 3.210 
002 	 0.980 
007 	 0.850 
019 	 2.370 
018 	 4.830 
017 	 3.780 
019 	 1.050 
011 	 2.040 
009 	 1.110 
002 	 1.850 
005 	 1.730 
003 	 3.440 
009 	 1.590 
002 	 4.090 
005 	 3.210 
002 	 1.190 
001 	 2.000 
002 	 0.610 
004 	 0.980 
017 	 1.140 
010 	 0.880 
015 	 1.050 
012 	 1.110 
007 	 0.540 
001 	 0.600 
020 	 1.260 
011 	 0.620 
002 	 0.980 
007 	 0.850 
004 	 2.680 
009 	 2.580 
011 	 2.040 
007 	 1.030 
005 	 3.140 
007 	 6.380 
009 	 1.590 
002 	 1.190 
007 	 5.490 
008 	 2.250 
010 	 2.030 
019 	 1.680 
001 	 2.170 
007 	 4.190 
009 	 1.110 
007 	 0.720 
019 	 3.090 
001 	 1.400 
007 	 2.330 
005 	 4.090 
002 	 0.980 
019 	 1.500 
011 	 1.680 
018 	 6.280 
005 	 5.230 
019 	 5.760 
005 	 3.210 
002 	 0.980 
019 	 1.980 
001 	 1.650 
007 	 4.190 
002 	 3.450 
015 	 2.880 
007 	 4.910 
011 	 4.080 
002 	 0.830 
007 	 1.250 
019 	 1.270 
001 	 1.400 
012 	 3.030 
005 	 1.240 
019 	 0.860 
019 	 2.360 
002 	 1.420 
011 	 1.430 
019 	 0.730 
010 	 2.030 
019 	 2.360 
007 	 1.030 
019 	 1.050 
009 	 2.580 
019 	 2.410 
017 	 3.780 
001 	 2.000 
019 	 2.410 
010 	 2.910 
002 	 1.190 
007 	 1.030 
009 	 1.590 
001 	 3.100 
008 	 5.710 
009 	 1.590 
002 	 1.190 
018 	 4.830 
019 	 1.050 
001 	 4.030 
009 	 1.310 
002 	 0.980 
010 	 2.400 
007 	 2.340 
016 	 2.210 
008 	 2.650 
002 	 1.190 
005 	 3.640 
009 	 1.310 
016 	 2.210 
019 	 1.980 
002 	 2.190 
005 	 1.240 
019 	 1.500 
002 	 1.190 
005 	 2.470 
007 	 2.840 
004 	 3.260 
014 	 4.160 
006 	 4.150 
007 	 3.090 
007 	 2.330 
011 	 6.090 
019 	 3.130 
002 	 1.190 
007 	 1.030 
019 	 2.360 
002 	 3.140 
007 	 1.790 
019 	 2.360 
002 	 1.420 
018 	 2.590 
019 	 0.730 
001 	 1.400 
019 	 5.280 
012 	 3.680 
004 	 3.260 
005 	 3.210 
009 	 1.310 
015 	 2.880 
008 	 2.650 
009 	 3.360 
002 	 1.190 
007 	 1.030 
005 	 3.210 
002 	 2.650 
007 	 1.030 
013 	 4.520 
003 	 4.920 
009 	 5.380 
009 	 2.260 
007 	 1.430 
019 	 1.450 
002 	 1.220 
001 	 1.200 
007 	 4.190 
019 	 4.930 
001 	 3.100 
019 	 2.880 
001 	 2.000 
019 	 3.570 
001 	 3.100 
016 	 4.080 
019 	 1.500 
008 	 2.650 
016 	 2.680 
019 	 1.050 
002 	 2.640 
005 	 5.940 
016 	 2.680 
019 	 2.410 
002 	 1.190 
016 	 2.680 
005 	 1.500 
011 	 2.040 
009 	 1.110 
020 	 2.920 
017 	 2.650 
011 	 1.430 
005 	 6.200 
002 	 1.190 
007 	 1.030 
009 	 2.130 
019 	 0.860 
011 	 1.680 
015 	 3.490 
005 	 1.500 
016 	 2.680 
008 	 3.210 
015 	 2.880 
007 	 3.130 
005 	 2.040 
005 	 3.210 
007 	 3.090 
005 	 5.940 
005 	 3.210 
007 	 2.330 
009 	 1.590 
002 	 1.190 
002 	 2.640 
005 	 3.210 
002 	 4.310 
019 	 1.050 
007 	 3.090 
007 	 2.330 
005 	 5.620 
002 	 3.450 
019 	 3.130 
002 	 1.190 
019 	 1.050 
007 	 2.330 
005 	 3.210 
007 	 4.680 
019 	 1.050 
002 	 0.980 
017 	 3.120 
001 	 2.550 
005 	 6.780 
019 	 5.280 
002 	 2.640 
009 	 1.310 
002 	 0.980 
019 	 0.860 
002 	 1.190 
007 	 3.220 
007 	 1.790 
011 	 2.040 
009 	 1.110 
007 	 1.250 
004 	 3.090 
019 	 0.730 
002 	 2.030 
007 	 1.030 
010 	 2.910 
001 	 3.100 
014 	 4.160 
006 	 4.150 
015 	 3.490 
007 	 4.220 
002 	 1.670 
007 	 0.850 
019 	 1.500 
019 	 1.050 
001 	 3.100 
005 	 3.210 
019 	 4.650 
005 	 3.210 
005 	 6.420 
002 	 0.980 
007 	 0.850 
005 	 3.560 
009 	 2.580 
002 	 2.030 
009 	 1.590 
019 	 1.820 
005 	 6.420 
002 	 3.140 
001 	 2.000 
019 	 3.740 
020 	 3.450 
003 	 4.050 
011 	 5.140 
009 	 2.580 
011 	 2.040 
019 	 2.360 
004 	 3.260 
011 	 3.160 
009 	 1.590 
002 	 2.030 
002 	 0.980 
019 	 0.860 
011 	 1.680 
016 	 7.650 
009 	 1.310 
007 	 0.850 
019 	 0.860 
009 	 1.590 
007 	 1.030 
002 	 1.190 
016 	 2.680 
009 	 1.110 
002 	 0.830 
017 	 2.650 
011 	 2.210 
019 	 6.760 
009 	 1.590 
007 	 1.030 
001 	 4.030 
010 	 2.910 
001 	 4.630 
009 	 1.590 
019 	 3.260 
010 	 2.910 
001 	 2.000 
007 	 0.850 
005 	 5.260 
001 	 1.650 
002 	 2.640 
005 	 3.210 
002 	 3.450 
009 	 4.890 
007 	 3.690 
019 	 3.740 
011 	 5.640 
002 	 3.710 
016 	 2.210 
018 	 3.060 
007 	 3.090 
015 	 6.780 
002 	 1.190 
007 	 1.030 
007 	 5.710 
002 	 5.330 
009 	 4.250 
002 	 2.640 
002 	 1.500 
017 	 1.310 
003 	 1.320 
010 	 1.010 
009 	 1.300 
011 	 1.090 
020 	 1.810 
005 	 2.160 
019 	 0.630 
007 	 1.030 
019 	 1.050 
009 	 1.590 
007 	 1.030 
011 	 4.110 
002 	 0.980 
016 	 3.180 
019 	 3.510 
002 	 2.310 
012 	 3.410 
007 	 1.940 
011 	 2.610 
010 	 1.750 
002 	 2.640 
007 	 4.390 
001 	 2.000 
009 	 7.850 
002 	 2.650 
019 	 1.050 
014 	 5.660 
005 	 1.500 
007 	 2.330 
005 	 5.230 
019 	 1.050 
001 	 2.000 
002 	 3.450 
009 	 0.960 
007 	 0.620 
004 	 1.960 
005 	 3.920 
019 	 0.630 
002 	 1.670 
016 	 2.210 
019 	 1.980 
002 	 3.830 
001 	 2.000 
002 	 0.830 
008 	 2.250 
019 	 2.280 
001 	 1.400 
011 	 4.110 
011 	 5.010 
009 	 1.310 
019 	 0.860 
011 	 1.680 
019 	 1.050 
011 	 2.040 
019 	 1.820 
001 	 2.000 
007 	 3.090 
005 	 3.210 
007 	 0.850 
016 	 2.210 
011 	 1.680 
009 	 2.580 
007 	 3.220 
009 	 2.580 
007 	 1.030 
002 	 0.830 
008 	 2.250 
019 	 3.090 
001 	 2.990 
007 	 2.650 
016 	 2.210 
011 	 1.680 
007 	 5.490 
007 	 2.330 
011 	 4.110 
002 	 0.830 
004 	 2.280 
019 	 0.730 
011 	 2.210 
007 	 1.470 
020 	 4.290 
011 	 2.600 
005 	 4.740 
009 	 1.310 
002 	 2.580 
001 	 1.650 
012 	 3.680 
005 	 1.500 
007 	 4.190 
015 	 1.590 
009 	 0.720 
007 	 1.470 
016 	 1.220 
005 	 2.950 
002 	 0.920 
011 	 1.980 
019 	 6.130 
009 	 0.960 
007 	 0.620 
019 	 0.630 
002 	 1.220 
001 	 1.200 
009 	 1.590 
010 	 5.620 
019 	 2.360 
002 	 2.640 
005 	 4.090 
005 	 3.210 
009 	 1.590 
007 	 1.030 
019 	 3.740 
002 	 1.670 
019 	 0.860 
001 	 1.650 
009 	 4.250 
006 	 6.740 
014 	 4.160 
006 	 4.150 
005 	 5.620 
005 	 4.090 
002 	 1.190 
016 	 2.680 
009 	 1.590 
011 	 3.850 
005 	 1.500 
003 	 3.820 
005 	 3.210 
007 	 1.790 
011 	 2.040 
009 	 1.590 
002 	 2.030 
002 	 1.190 
007 	 1.030 
002 	 1.190 
005 	 1.500 
009 	 1.310 
016 	 3.180 
019 	 0.860 
019 	 2.360 
005 	 4.090 
009 	 1.590 
018 	 3.710 
005 	 7.040 
005 	 4.090 
002 	 6.560 
002 	 1.190 
019 	 1.050 
002 	 2.640 
007 	 3.690 
007 	 1.790 
011 	 3.850 
019 	 1.050 
001 	 2.000 
009 	 3.270 
007 	 1.030 
009 	 1.560 
012 	 3.220 
004 	 3.030 
019 	 0.630 
011 	 1.900 
002 	 4.080 
002 	 1.190 
007 	 1.030 
005 	 6.200 
002 	 5.330 
001 	 7.210 
019 	 2.360 
002 	 1.190 
019 	 1.050 
002 	 1.190 
019 	 2.410 
005 	 3.210 
009 	 1.590 
007 	 1.790 
002 	 2.640 
005 	 3.210 
005 	 3.210 
009 	 2.130 
002 	 0.980 
019 	 0.860 
007 	 3.690 
020 	 6.780 
002 	 1.670 
017 	 3.120 
019 	 1.980 
002 	 2.030 
019 	 1.050 
005 	 5.230 
019 	 2.360 
009 	 1.110 
002 	 0.830 
016 	 1.870 
019 	 0.730 
019 	 2.360 
002 	 1.190 
008 	 3.210 
007 	 2.330 
019 	 2.360 
005 	 4.740 
011 	 4.110 
007 	 1.030 
017 	 3.780 
010 	 2.910 
001 	 2.000 
019 	 1.050 
011 	 3.160 
007 	 6.620 
011 	 6.930 
019 	 2.360 
009 	 2.690 
007 	 1.470 
002 	 0.980 
005 	 6.200 
002 	 2.650 
007 	 3.220 
002 	 1.420 
010 	 2.030 
019 	 1.270 
001 	 1.400 
007 	 3.690 
009 	 6.340 
011 	 4.110 
002 	 0.830 
011 	 1.430 
019 	 1.270 
001 	 1.400 
007 	 3.690 
005 	 2.470 
003 	 3.820 
005 	 5.230 
009 	 2.280 
016 	 1.870 
018 	 2.590 
002 	 2.190 
001 	 4.030 
007 	 3.090 
002 	 1.190 
016 	 2.680 
002 	 1.670 
007 	 0.850 
008 	 2.650 
007 	 1.030 
019 	 1.050 
019 	 1.050 
001 	 2.000 
005 	 3.210 
009 	 6.340 
005 	 3.210 
009 	 1.110 
007 	 1.250 
018 	 2.590 
008 	 3.070 
002 	 2.650 
001 	 2.000 
019 	 2.360 
009 	 1.590 
005 	 1.500 
009 	 1.590 
007 	 1.030 
009 	 1.590 
011 	 4.680 
009 	 1.590 
002 	 1.190 
008 	 2.650 
016 	 2.210 
001 	 2.550 
007 	 1.030 
011 	 3.160 
002 	 2.640 
009 	 1.590 
002 	 1.190 
009 	 1.110 
007 	 1.250 
019 	 0.730 
001 	 1.400 
007 	 3.090 
001 	 4.030 
009 	 1.590 
002 	 3.520 
016 	 2.680 
019 	 1.820 
012 	 3.680 
004 	 3.260 
016 	 2.680 
008 	 3.210 
002 	 1.670 
004 	 2.680 
011 	 2.600 
002 	 2.650 
001 	 2.000 
005 	 5.620 
005 	 3.210 
009 	 1.310 
007 	 0.850 
001 	 1.650 
019 	 4.240 
005 	 7.150 
005 	 4.090 
002 	 3.450 
009 	 1.590 
002 	 1.190 
002 	 2.640 
002 	 4.080 
005 	 3.210 
019 	 1.050 
001 	 2.000 
002 	 1.190 
019 	 1.050 
012 	 3.680 
007 	 3.800 
005 	 6.610 
002 	 4.580 
007 	 3.690 
009 	 4.890 
019 	 4.650 
007 	 1.030 
011 	 4.950 
016 	 5.030 
002 	 2.640 
002 	 0.540 
017 	 1.730 
007 	 0.470 
009 	 1.490 
012 	 1.680 
001 	 1.410 
019 	 1.850 
009 	 2.580 
019 	 1.050 
019 	 2.410 
011 	 2.040 
012 	 3.680 
004 	 3.260 
009 	 1.110 
007 	 1.980 
019 	 0.730 
011 	 1.430 
002 	 0.830 
007 	 0.720 
019 	 1.270 
011 	 1.430 
007 	 0.850 
004 	 4.910 
011 	 1.680 
007 	 4.190 
002 	 1.190 
011 	 2.040 
005 	 3.210 
009 	 1.110 
007 	 1.660 
019 	 0.730 
002 	 1.850 
020 	 6.780 
007 	 1.030 
019 	 1.050 
007 	 3.690 
005 	 3.210 
005 	 7.770 
009 	 1.590 
002 	 1.190 
005 	 4.090 
002 	 1.190 
018 	 3.710 
002 	 2.640 
002 	 5.330 
010 	 2.400 
019 	 0.860 
001 	 1.650 
007 	 3.220 
005 	 1.500 
019 	 2.360 
015 	 4.640 
007 	 3.530 
002 	 2.640 
002 	 2.340 
001 	 1.410 
009 	 0.720 
007 	 0.470 
016 	 1.220 
019 	 0.830 
008 	 2.000 
016 	 2.680 
010 	 2.910 
002 	 2.640 
019 	 2.360 
019 	 2.360 
002 	 0.980 
012 	 3.960 
004 	 3.650 
007 	 2.330 
020 	 6.780 
005 	 5.230 
007 	 2.330 
016 	 2.680 
008 	 3.210 
002 	 1.190 
019 	 1.050 
002 	 2.650 
019 	 1.050 
009 	 0.960 
007 	 0.620 
010 	 2.470 
019 	 1.090 
001 	 1.870 
007 	 3.530 
001 	 2.000 
009 	 1.310 
002 	 2.190 
001 	 1.650 
005 	 3.210 
016 	 2.210 
014 	 3.430 
005 	 1.240 
002 	 0.720 
007 	 1.710 
019 	 1.730 
005 	 0.910 
010 	 1.750 
004 	 3.260 
011 	 4.330 
002 	 1.420 
016 	 1.870 
019 	 2.010 
010 	 2.030 
002 	 0.980 
019 	 0.860 
001 	 1.650 
007 	 6.080 
007 	 1.030 
019 	 1.050 
011 	 2.600 
019 	 2.680 
001 	 1.650 
008 	 3.070 
010 	 4.120 
019 	 3.630 
001 	 3.880 
002 	 0.980 
007 	 0.850 
019 	 0.860 
005 	 5.230 
009 	 1.590 
001 	 2.000 
002 	 2.640 
007 	 3.090 
005 	 3.210 
002 	 1.190 
010 	 2.910 
009 	 3.360 
012 	 3.030 
007 	 2.340 
001 	 2.550 
009 	 1.590 
019 	 1.050 
007 	 2.330 
002 	 3.990 
010 	 2.030 
019 	 0.730 
001 	 1.400 
005 	 5.230 
011 	 5.680 
001 	 2.000 
002 	 1.190 
007 	 3.800 
005 	 3.210 
009 	 1.310 
017 	 3.120 
010 	 3.370 
002 	 2.640 
009 	 1.590 
019 	 1.050 
009 	 1.310 
005 	 2.040 
010 	 2.400 
002 	 6.410 
018 	 3.710 
019 	 1.820 
002 	 2.640 
004 	 5.820 
011 	 2.040 
016 	 2.680 
010 	 2.910 
002 	 3.450 
002 	 2.900 
007 	 1.470 
008 	 2.650 
009 	 3.360 
016 	 3.860 
019 	 1.820 
005 	 3.210 
019 	 2.360 
009 	 2.580 
017 	 5.420 
007 	 1.470 
017 	 3.120 
011 	 3.170 
009 	 3.360 
011 	 4.110 
002 	 1.060 
009 	 0.830 
007 	 0.540 
020 	 2.190 
019 	 0.950 
011 	 1.070 
009 	 1.310 
002 	 0.980 
017 	 3.120 
007 	 3.090 
019 	 3.130 
002 	 0.830 
008 	 2.250 
019 	 1.270 
001 	 1.400 
019 	 4.240 
009 	 1.590 
015 	 3.490 
019 	 3.570 
001 	 2.000 
005 	 4.740 
002 	 0.980 
016 	 4.650 
008 	 4.110 
007 	 3.690 
009 	 3.760 
007 	 1.030 
019 	 1.050 
001 	 2.000 
009 	 4.890 
015 	 3.490 
003 	 3.820 
002 	 4.990 
005 	 4.090 
009 	 2.260 
007 	 0.620 
016 	 1.610 
019 	 1.090 
001 	 1.870 
005 	 6.420 
007 	 1.030 
001 	 2.000 
007 	 2.370 
011 	 3.160 
007 	 0.850 
005 	 2.040 
011 	 2.600 
005 	 8.900 
002 	 0.980 
019 	 0.860 
011 	 1.680 
005 	 6.780 
002 	 1.850 
007 	 0.720 
019 	 0.730 
001 	 1.400 
002 	 0.980 
012 	 3.960 
010 	 2.400 
007 	 1.030 
019 	 1.050 
020 	 4.180 
011 	 2.040 
002 	 1.190 
019 	 1.050 
007 	 1.030 
014 	 4.160 
007 	 5.240 
019 	 1.050 
010 	 2.910 
012 	 3.680 
019 	 1.050 
005 	 4.740 
009 	 3.360 
009 	 1.590 
019 	 1.050 
019 	 2.360 
005 	 4.090 
007 	 1.030 
011 	 2.040 
002 	 2.190 
007 	 1.250 
019 	 0.730 
001 	 1.400 
007 	 1.030 
001 	 2.000 
002 	 1.190 
017 	 3.780 
009 	 2.130 
007 	 1.470 
019 	 1.500 
016 	 5.890 
019 	 2.360 
019 	 1.050 
010 	 2.910 
007 	 4.900 
011 	 5.160 
007 	 2.330 
015 	 3.490 
019 	 1.050 
019 	 3.130 
001 	 6.030 
012 	 3.680 
019 	 1.050 
005 	 1.500 
019 	 1.820 
009 	 1.590 
007 	 1.030 
019 	 2.360 
007 	 2.330 
007 	 1.790 
011 	 2.040 
002 	 2.030 
005 	 5.410 
009 	 2.580 
016 	 3.860 
015 	 3.240 
007 	 1.660 
018 	 3.380 
011 	 2.210 
005 	 1.500 
019 	 1.820 
019 	 2.360 
002 	 1.190 
007 	 1.030 
015 	 3.490 
007 	 4.390 
007 	 8.560 
016 	 2.680 
008 	 3.210 
005 	 3.210 
002 	 1.670 
019 	 0.860 
010 	 2.400 
005 	 5.940 
007 	 1.470 
019 	 2.940 
010 	 2.400 
002 	 1.190 
019 	 1.050 
005 	 4.090 
007 	 1.030 
011 	 2.040 
018 	 6.280 
014 	 5.200 
006 	 4.150 
011 	 7.680 
007 	 5.240 
002 	 3.450 
005 	 3.640 
011 	 2.040 
002 	 1.670 
019 	 2.370 
001 	 1.650 
010 	 2.400 
019 	 1.980 
001 	 1.650 
002 	 1.190 
007 	 1.030 
002 	 0.980 
019 	 0.860 
011 	 1.680 
009 	 1.310 
002 	 0.980 
011 	 1.680 
009 	 4.890 
007 	 5.910 
007 	 3.690 
009 	 1.590 
011 	 2.040 
008 	 2.650 
016 	 2.210 
001 	 2.550 
007 	 3.090 
019 	 3.740 
002 	 1.190 
001 	 2.000 
002 	 2.030 
019 	 1.050 
007 	 3.690 
019 	 2.360 
002 	 1.670 
010 	 2.400 
001 	 1.650 
002 	 1.190 
005 	 1.500 
016 	 2.680 
008 	 3.210 
010 	 5.330 
016 	 2.680 
008 	 5.370 
002 	 0.980 
003 	 4.050 
011 	 2.600 
009 	 5.770 
002 	 1.190 
010 	 2.910 
005 	 3.210 
002 	 2.640 
007 	 3.090 
005 	 3.210 
012 	 5.350 
004 	 5.030 
002 	 0.920 
010 	 1.870 
009 	 0.720 
001 	 0.910 
016 	 1.760 
019 	 1.100 
008 	 2.820 
009 	 1.310 
004 	 2.680 
019 	 1.500 
002 	 2.640 
011 	 6.440 
009 	 1.310 
002 	 0.980 
001 	 1.650 
009 	 3.360 
010 	 3.370 
019 	 1.500 
001 	 3.530 
002 	 1.190 
011 	 3.160 
007 	 3.090 
012 	 3.030 
011 	 1.680 
007 	 0.850 
002 	 5.950 
016 	 2.680 
019 	 2.360 
005 	 3.210 
005 	 5.230 
011 	 6.090 
009 	 4.890 
007 	 1.030 
011 	 5.160 
007 	 2.330 
009 	 1.590 
007 	 2.840 
015 	 6.040 
007 	 1.790 
010 	 2.910 
002 	 1.420 
007 	 2.470 
016 	 2.700 
019 	 1.270 
017 	 6.360 
005 	 3.210 
001 	 7.790 
019 	 2.360 
004 	 7.340 
007 	 4.190 
007 	 2.330 
012 	 4.110 
020 	 3.640 
004 	 4.070 
011 	 4.560 
011 	 4.110 
019 	 4.650 
019 	 2.360 
018 	 8.200 
009 	 1.310 
019 	 2.680 
003 	 4.050 
002 	 1.190 
007 	 1.790 
009 	 1.310 
005 	 4.460 
019 	 1.980 
009 	 1.560 
002 	 0.720 
019 	 1.450 
017 	 2.280 
010 	 1.750 
009 	 1.590 
001 	 2.000 
007 	 7.190 
005 	 3.210 
002 	 0.620 
003 	 1.990 
001 	 1.040 
009 	 0.830 
018 	 1.940 
019 	 0.950 
019 	 4.240 
002 	 0.980 
019 	 1.500 
001 	 1.650 
005 	 7.340 
002 	 1.190 
007 	 1.790 
007 	 3.090 
001 	 4.030 
007 	 0.850 
019 	 2.370 
001 	 1.650 
009 	 3.360 
002 	 2.900 
007 	 2.650 
019 	 0.860 
002 	 1.190 
007 	 1.030 
009 	 3.100 
015 	 2.880 
002 	 0.980 
009 	 1.310 
002 	 2.190 
019 	 2.370 
002 	 4.090 
019 	 2.880 
016 	 3.180 
019 	 1.500 
003 	 4.480 
005 	 5.940 
004 	 1.700 
007 	 1.240 
002 	 1.060 
012 	 1.930 
005 	 2.870 
019 	 0.550 
002 	 4.990 
009 	 1.310 
002 	 0.980 
018 	 4.420 
002 	 3.450 
002 	 1.850 
007 	 1.250 
004 	 2.280 
005 	 4.090 
011 	 4.110 
007 	 1.030 
011 	 2.040 
019 	 3.130 
002 	 0.980 
019 	 1.980 
008 	 2.650 
002 	 4.080 
005 	 5.230 
004 	 2.680 
020 	 3.450 
011 	 1.680 
005 	 6.780 
007 	 3.690 
005 	 3.210 
002 	 2.650 
007 	 1.030 
019 	 2.360 
002 	 1.190 
007 	 2.840 
015 	 2.440 
007 	 0.720 
005 	 2.200 
002 	 0.830 
002 	 2.640 
019 	 6.280 
018 	 3.060 
019 	 0.860 
001 	 1.650 
014 	 5.200 
003 	 3.820 
002 	 1.670 
007 	 1.960 
011 	 1.680 
009 	 2.580 
019 	 1.050 
002 	 0.980 
007 	 0.850 
016 	 2.210 
009 	 3.360 
005 	 3.210 
019 	 4.650 
002 	 2.190 
005 	 2.590 
011 	 1.680 
007 	 1.790 
019 	 2.410 
010 	 4.630 
019 	 2.370 
001 	 4.040 
017 	 7.710 
009 	 3.360 
002 	 6.560 
015 	 7.220 
002 	 2.640 
009 	 1.590 
019 	 1.820 
002 	 2.900 
019 	 0.860 
001 	 2.550 
007 	 2.330 
002 	 2.640 
007 	 2.330 
019 	 1.820 
001 	 2.000 
009 	 1.590 
007 	 2.840 
009 	 1.810 
002 	 0.830 
019 	 0.730 
011 	 1.430 
005 	 3.210 
007 	 3.220 
005 	 2.470 
002 	 2.640 
007 	 1.790 
017 	 3.780 
007 	 1.790 
019 	 1.820 
009 	 1.310 
016 	 2.210 
018 	 3.060 
009 	 1.560 
002 	 0.720 
010 	 1.750 
019 	 0.630 
001 	 1.200 
011 	 6.090 
002 	 2.640 
015 	 3.490 
011 	 2.040 
007 	 2.330 
007 	 1.790 
005 	 3.640 
007 	 2.330 
002 	 0.980 
007 	 0.850 
005 	 1.240 
007 	 1.790 
019 	 1.050 
002 	 2.640 
009 	 1.590 
005 	 4.020 
016 	 2.680 
019 	 1.050 
002 	 1.190 
019 	 1.820 
015 	 6.780 
019 	 2.360 
002 	 1.190 
017 	 3.780 
005 	 3.210 
007 	 1.030 
019 	 1.050 
009 	 1.590 
005 	 1.500 
018 	 6.280 
002 	 0.700 
004 	 1.130 
007 	 1.320 
009 	 0.550 
012 	 1.280 
011 	 1.500 
016 	 0.930 
005 	 2.160 
019 	 0.630 
007 	 3.690 
002 	 4.080 
019 	 2.360 
009 	 2.580 
007 	 1.030 
007 	 2.330 
005 	 5.620 
019 	 4.650 
009 	 1.590 
011 	 3.160 
002 	 2.190 
005 	 4.190 
019 	 0.860 
019 	 4.650 
009 	 1.590 
018 	 3.710 
019 	 3.260 
010 	 2.910 
007 	 1.030 
016 	 2.680 
002 	 4.580 
007 	 4.940 
007 	 1.030 
001 	 2.000 
007 	 3.090 
007 	 3.090 
019 	 2.410 
001 	 3.100 
018 	 7.670 
007 	 3.690 
019 	 1.050 
001 	 2.000 
009 	 1.590 
019 	 1.050 
007 	 1.030 
019 	 1.050 
007 	 1.030 
019 	 1.820 
002 	 1.190 
003 	 3.820 
009 	 1.590 
002 	 3.830 
019 	 4.650 
005 	 4.740 
007 	 4.190 
007 	 1.030 
019 	 4.580 
019 	 2.360 
002 	 2.640 
002 	 2.640 
005 	 4.090 
009 	 1.310 
007 	 0.850 
002 	 0.980 
010 	 2.400 
019 	 1.500 
001 	 1.650 
015 	 2.100 
012 	 2.220 
016 	 1.610 
002 	 0.720 
008 	 2.640 
009 	 1.590 
007 	 1.030 
019 	 1.050 
001 	 2.000 
019 	 1.050 
008 	 3.210 
002 	 1.190 
007 	 1.790 
009 	 1.590 
019 	 1.050 
015 	 2.430 
009 	 0.830 
007 	 1.480 
019 	 0.550 
002 	 1.060 
011 	 1.650 
002 	 1.190 
019 	 1.820 
007 	 2.330 
019 	 2.360 
007 	 2.330 
002 	 2.650 
019 	 1.050 
019 	 4.240 
009 	 1.590 
001 	 2.000 
009 	 1.590 
001 	 2.000 
019 	 2.360 
005 	 3.210 
015 	 3.490 
007 	 1.790 
012 	 3.680 
004 	 3.260 
009 	 0.960 
002 	 0.720 
011 	 1.230 
017 	 2.280 
008 	 2.640 
019 	 5.950 
007 	 2.330 
009 	 2.130 
005 	 3.560 
001 	 3.130 
009 	 2.130 
007 	 1.470 
019 	 2.940 
002 	 1.850 
007 	 0.720 
019 	 1.270 
011 	 1.430 
007 	 3.090 
007 	 3.950 
019 	 0.860 
010 	 2.400 
016 	 3.860 
008 	 3.210 
009 	 1.310 
019 	 0.860 
011 	 1.680 
001 	 4.030 
019 	 1.820 
008 	 3.210 
017 	 3.780 
005 	 2.470 
015 	 2.880 
007 	 3.740 
004 	 2.680 
009 	 4.890 
019 	 2.360 
002 	 1.670 
007 	 1.470 
001 	 1.650 
007 	 1.030 
019 	 1.050 
004 	 3.260 
011 	 3.160 
007 	 1.030 
005 	 2.470 
009 	 1.560 
002 	 0.720 
004 	 1.960 
019 	 1.090 
011 	 1.900 
015 	 4.640 
002 	 1.190 
005 	 4.090 
007 	 2.330 
009 	 3.360 
019 	 3.740 
002 	 0.980 
007 	 0.850 
011 	 1.680 
002 	 2.030 
007 	 1.030 
009 	 1.590 
019 	 1.050 
011 	 1.680 
019 	 2.680 
001 	 2.550 
002 	 4.080 
007 	 1.030 
005 	 2.470 
007 	 0.850 
019 	 0.860 
001 	 1.650 
009 	 1.590 
019 	 3.260 
009 	 2.130 
007 	 1.960 
016 	 2.210 
009 	 1.310 
004 	 2.680 
011 	 3.860 
007 	 1.790 
005 	 1.500 
019 	 1.050 
011 	 3.850 
007 	 8.510 
019 	 2.360 
001 	 4.030 
019 	 1.050 
011 	 3.160 
002 	 1.190 
007 	 1.030 
009 	 1.590 
019 	 1.820 
002 	 1.190 
007 	 1.030 
002 	 2.030 
019 	 2.410 
009 	 3.360 
005 	 3.210 
007 	 1.030 
011 	 2.040 
002 	 1.190 
019 	 1.050 
007 	 1.790 
001 	 2.000 
007 	 3.690 
002 	 1.190 
019 	 1.050 
007 	 2.330 
002 	 1.420 
007 	 1.660 
016 	 1.870 
001 	 1.400 
007 	 1.030 
005 	 2.470 
005 	 6.920 
002 	 0.980 
007 	 1.470 
019 	 0.860 
019 	 2.360 
010 	 2.910 
001 	 2.000 
011 	 2.040 
010 	 2.910 
002 	 2.640 
009 	 0.960 
002 	 0.720 
016 	 2.330 
019 	 1.450 
010 	 1.750 
014 	 4.160 
005 	 3.640 
015 	 3.820 
007 	 1.470 
005 	 3.560 
007 	 3.690 
015 	 4.640 
011 	 2.040 
015 	 3.490 
007 	 4.220 
004 	 3.260 
019 	 1.820 
005 	 4.090 
007 	 0.850 
019 	 0.860 
001 	 1.650 
005 	 5.620 
019 	 2.360 
005 	 3.210 
007 	 1.030 
005 	 1.500 
002 	 0.830 
016 	 1.870 
019 	 2.500 
008 	 3.070 
005 	 1.500 
008 	 3.210 
009 	 1.590 
012 	 3.680 
011 	 7.110 
002 	 0.980 
007 	 1.960 
019 	 1.500 
019 	 2.360 
007 	 5.490 
005 	 3.210 
007 	 1.790 
019 	 1.820 
005 	 6.200 
002 	 3.450 
002 	 1.190 
005 	 4.570 
019 	 3.130 
002 	 1.190 
007 	 1.030 
019 	 1.050 
001 	 2.000 
019 	 3.740 
019 	 1.050 
001 	 2.000 
001 	 4.030 
009 	 2.580 
019 	 1.050 
015 	 3.490 
007 	 2.840 
004 	 3.260 
011 	 2.040 
007 	 0.720 
018 	 2.590 
019 	 0.730 
011 	 1.430 
002 	 0.980 
007 	 1.960 
017 	 3.120 
007 	 2.330 
007 	 2.330 
009 	 1.590 
019 	 1.050 
005 	 3.210 
019 	 2.360 
009 	 1.310 
007 	 1.960 
002 	 0.980 
009 	 1.590 
019 	 1.050 
016 	 0.810 
002 	 0.360 
018 	 1.450 
004 	 1.510 
007 	 0.540 
015 	 1.050 
012 	 1.450 
020 	 1.260 
005 	 0.740 
011 	 0.620 
019 	 1.050 
001 	 2.000 
019 	 2.360 
011 	 4.680 
010 	 2.910 
005 	 3.210 
004 	 5.760 
019 	 1.050 
008 	 3.210 
007 	 2.330 
007 	 2.330 
019 	 1.820 
001 	 2.000 
007 	 4.680 
011 	 2.040 
007 	 2.330 
005 	 3.210 
007 	 4.020 
016 	 2.680 
015 	 4.640 
007 	 1.030 
007 	 3.220 
005 	 2.470 
019 	 2.360 
019 	 5.540 
007 	 3.090 
002 	 1.190 
012 	 3.680 
002 	 4.580 
005 	 4.740 
009 	 1.590 
002 	 1.190 
009 	 1.310 
007 	 0.850 
019 	 2.680 
005 	 7.420 
002 	 2.030 
005 	 6.350 
002 	 4.080 
009 	 4.250 
001 	 4.940 
016 	 2.680 
019 	 1.820 
002 	 1.190 
010 	 2.910 
007 	 4.020 
019 	 1.050 
009 	 2.580 
005 	 4.020 
001 	 5.570 
005 	 4.090 
019 	 2.410 
001 	 2.000 
007 	 2.330 
019 	 2.360 
010 	 5.330 
002 	 1.190 
007 	 1.790 
005 	 5.940 
002 	 3.010 
010 	 2.030 
019 	 1.270 
001 	 1.400 
009 	 2.580 
011 	 2.040 
007 	 1.960 
004 	 2.680 
019 	 0.860 
009 	 1.310 
007 	 3.130 
019 	 2.940 
007 	 1.790 
001 	 3.100 
005 	 1.240 
003 	 3.140 
019 	 0.860 
002 	 2.640 
005 	 3.210 
019 	 2.360 
007 	 2.330 
009 	 3.360 
011 	 5.640 
005 	 3.210 
005 	 3.210 
002 	 3.450 
015 	 2.440 
007 	 0.720 
005 	 4.200 
001 	 2.170 
005 	 1.500 
008 	 3.210 
011 	 5.010 
002 	 0.980 
016 	 2.210 
010 	 2.400 
019 	 2.360 
018 	 3.710 
019 	 1.050 
007 	 2.330 
007 	 3.090 
002 	 0.830 
007 	 0.720 
011 	 1.430 
008 	 3.070 
016 	 6.450 
019 	 3.130 
005 	 4.090 
009 	 1.590 
007 	 3.800 
015 	 6.780 
009 	 3.270 
001 	 2.000 
019 	 2.360 
007 	 4.190 
002 	 4.990 
002 	 0.980 
019 	 0.860 
010 	 2.400 
009 	 1.590 
001 	 2.000 
016 	 2.680 
008 	 3.210 
007 	 2.330 
007 	 4.600 
009 	 1.310 
007 	 0.850 
001 	 1.650 
002 	 2.030 
007 	 1.030 
007 	 3.090 
002 	 1.190 
011 	 2.040 
009 	 2.580 
018 	 5.680 
007 	 1.030 
011 	 2.040 
007 	 2.910 
003 	 4.050 
011 	 2.600 
005 	 4.740 
002 	 0.720 
018 	 2.230 
005 	 0.910 
019 	 1.730 
001 	 1.200 
002 	 1.670 
019 	 3.160 
001 	 1.650 
005 	 4.090 
005 	 3.210 
007 	 3.090 
002 	 6.250 
007 	 6.240 
005 	 4.740 
007 	 3.690 
002 	 2.640 
005 	 3.210 
007 	 4.190 
009 	 1.310 
019 	 1.500 
001 	 1.650 
005 	 5.940 
007 	 2.330 
007 	 0.850 
019 	 0.860 
008 	 2.650 
007 	 1.030 
019 	 1.050 
005 	 4.090 
019 	 2.360 
009 	 1.590 
007 	 1.790 
003 	 4.920 
011 	 2.040 
002 	 7.810 
002 	 1.670 
018 	 3.060 
014 	 3.430 
007 	 1.030 
011 	 2.040 
002 	 6.110 
016 	 2.680 
002 	 2.640 
019 	 3.130 
007 	 4.190 
019 	 3.740 
005 	 6.610 
019 	 4.240 
007 	 3.090 
002 	 4.080 
015 	 4.290 
007 	 5.120 
002 	 4.060 
015 	 3.490 
007 	 3.220 
019 	 4.650 
002 	 1.190 
001 	 2.000 
007 	 1.790 
010 	 2.910 
002 	 1.190 
019 	 1.050 
002 	 0.720 
007 	 2.420 
016 	 1.610 
019 	 0.630 
010 	 1.750 
007 	 1.030 
019 	 1.050 
013 	 5.150 
017 	 3.120 
005 	 4.920 
007 	 4.190 
007 	 1.790 
019 	 1.050 
007 	 3.090 
007 	 2.330 
007 	 6.620 
002 	 2.640 
012 	 2.570 
019 	 2.500 
003 	 3.440 
011 	 1.430 
015 	 4.290 
007 	 4.520 
005 	 1.240 
005 	 7.670 
009 	 3.100 
004 	 4.140 
018 	 5.070 
005 	 3.210 
008 	 3.610 
016 	 2.210 
001 	 1.650 
015 	 4.640 
007 	 5.830 
004 	 3.260 
011 	 3.160 
009 	 1.110 
007 	 1.250 
019 	 1.270 
002 	 0.830 
002 	 3.450 
009 	 1.590 
011 	 2.040 
002 	 2.190 
019 	 0.860 
010 	 4.940 
009 	 1.310 
019 	 3.770 
001 	 1.650 
007 	 2.330 
019 	 3.130 
009 	 4.250 
019 	 3.130 
011 	 4.110 
009 	 1.590 
019 	 1.050 
010 	 4.240 
019 	 4.650 
001 	 4.790 
012 	 3.030 
004 	 2.680 
005 	 3.000 
002 	 2.650 
019 	 1.820 
002 	 1.190 
019 	 1.050 
008 	 5.710 
005 	 3.210 
005 	 5.230 
003 	 6.400 
002 	 2.650 
007 	 1.790 
002 	 1.190 
018 	 3.710 
009 	 1.590 
019 	 1.820 
015 	 3.490 
005 	 6.740 
016 	 2.680 
008 	 3.210 
009 	 1.590 
019 	 1.050 
009 	 1.110 
007 	 0.720 
019 	 0.730 
001 	 1.400 
018 	 4.830 
019 	 2.410 
009 	 4.250 
019 	 1.050 
001 	 2.000 
017 	 6.360 
005 	 4.090 
009 	 1.590 
007 	 1.790 
005 	 4.740 
009 	 4.250 
005 	 3.210 
019 	 2.360 
005 	 1.500 
006 	 4.150 
005 	 4.090 
005 	 4.090 
005 	 3.210 
002 	 2.640 
007 	 0.850 
019 	 1.980 
001 	 1.650 
002 	 0.830 
016 	 1.870 
019 	 0.730 
008 	 2.250 
007 	 1.030 
019 	 1.820 
002 	 1.390 
010 	 3.020 
009 	 0.830 
001 	 2.950 
019 	 2.120 
008 	 1.680 
007 	 3.320 
019 	 0.860 
001 	 2.550 
005 	 4.090 
002 	 0.830 
007 	 2.250 
004 	 2.280 
011 	 1.430 
009 	 1.590 
019 	 2.410 
001 	 4.030 
002 	 3.450 
019 	 3.740 
002 	 1.190 
005 	 2.470 
005 	 4.090 
012 	 4.800 
004 	 4.430 
014 	 7.370 
005 	 4.090 
019 	 2.360 
009 	 1.590 
019 	 1.820 
007 	 2.340 
016 	 2.210 
010 	 2.400 
011 	 4.110 
016 	 2.680 
008 	 3.210 
007 	 2.330 
012 	 3.680 
004 	 3.260 
011 	 4.110 
002 	 3.830 
016 	 2.680 
002 	 2.640 
002 	 1.190 
005 	 2.470 
005 	 3.210 
002 	 3.520 
001 	 3.100 
002 	 1.190 
011 	 2.040 
015 	 3.820 
007 	 1.470 
005 	 1.240 
002 	 1.190 
007 	 1.030 
002 	 1.190 
007 	 1.790 
005 	 6.550 
006 	 4.150 
010 	 5.330 
002 	 0.720 
008 	 3.010 
010 	 1.750 
019 	 1.450 
001 	 1.870 
001 	 7.790 
015 	 2.440 
007 	 2.470 
019 	 1.270 
002 	 0.830 
007 	 0.720 
005 	 3.020 
003 	 2.670 
011 	 2.690 
007 	 6.990 
007 	 3.090 
019 	 3.740 
002 	 5.230 
019 	 1.050 
009 	 2.130 
007 	 4.890 
011 	 4.810 
005 	 3.210 
007 	 3.090 
007 	 2.330 
009 	 1.590 
019 	 1.050 
007 	 2.330 
005 	 3.210 
019 	 2.360 
019 	 1.050 
011 	 2.040 
005 	 6.780 
009 	 3.360 
002 	 0.980 
008 	 3.610 
001 	 2.550 
007 	 4.600 
009 	 3.360 
019 	 2.360 
007 	 2.330 
011 	 7.260 
